Latitude,Longitude,Name,Description,Yield (kt),HOB (m)
41.013611,28.955,ISTAMBUL,,800,1690
55.75,37.616667,MOSCOW,,800,1690
51.507222,-0.1275,LONDON,,800,1690
59.95,30.3,SAINTPETERSBURG,,800,1690
52.516667,13.383333,BERLIN,,800,1690
40.383333,-3.716667,MADRID,,800,1690
50.45,30.523333,KYIV,,800,1690
41.9,12.5,ROME,,800,1690
44.4325,26.103889,BUCHAREST,,800,1690
48.8567,2.3508,PARIS,,800,1690
53.9,27.566667,MINSK,,800,1690
48.2,16.366667,VIENNA,,800,1690
53.565278,10.001389,HAMBURG,,800,1690
52.233333,21.016667,WARSAW,,800,1690
47.4925,19.051389,BUDAPEST,,800,1690
44.816667,20.466667,BELGRADE,,800,1690
41.383333,2.183333,BARCELONA,,800,1690
48.133333,11.566667,MUNICH,,800,1690
50.004444,36.231389,KHARKIV,,800,1690
45.466667,9.183333,MILAN,,800,1690
42.7,23.33,SOFIA,,800,1690
50.083333,14.41666,PRAGUE,,800,1690
55.790278,49.134722,KAZAN,,800,1690
56.326944,44.0075,NIZHNINOVGOROD,,800,1690
41.7166,44.7833,TBILISI,,800,1690
53.202778,50.140833,SAMARA,,800,1690
52.483056,-1.893611,BIRMINGHAM,,800,1690
47.233333,39.7,ROSTOV-ON-DON,,800,1690
54.75,55.966667,UFA,,800,1690
50.936389,6.952778,COLOGNE,,800,1690
51.671667,39.210556,VORONHEZ,,800,1690
58,56.316667,PERM,,800,1690
48.7,44.516667,VOLGOGRAD,,800,1690