Latitude,Longitude,Name,Description,Yield (kt),HOB (m)
19.432608,-99.133209,MEXICO CITY,,800,1690
40.712776,-74.005974,NEW YORK,,800,1690
34.052235,-118.243683,LOS ANGELES,,800,1690
43.653225,-79.383186,TORONTO,,800,1690
41.878113,-87.629799,CHICAGO,,800,1690
29.7589382,-95.3676974,HOUSTON,,800,1690
23.135305,-82.3589631,HAVANA,,800,1690
45.5031824,-73.5698065,MONTREAL,,800,1690
19.5994083,-99.0487281,ECATEPEC DE MORELOS,,800,1690
39.9527237,-75.1635262,PHILADELPHIA,,800,1690
33.4484367,-112.074141,PHOENIX,,800,1690
29.4246002,-98.4951405,SAN ANTONIO,,800,1690
20.6720375,-103.338396,GUADALAJARA,,800,1690
18.833333,-98,PUEBLA,,800,1690
32.7174202,-117.1627728,SAN DIEGO,,800,1690
19.2934829,-100.4645924,JUAREZ,,800,1690
31.2715127,-95.9953382,LEON,,800,1690
32.7762719,-96.7968559,DALLAS,,800,1690
32.5010188,-116.964662,TIJUANA,,800,1690
51.0460954,-114.065465,CALGARY,,800,1690
14.1057433,-87.2040052,TEGUCIGALPA,,800,1690
20.7211203,-103.3913671,ZAPOPAN,,800,1690
25.6802019,-100.315258,MONTERREY,,800,1690
12.296674675898991,-86.4466214115768,MANAGUA,,800,1690
19.4079028,-99.0181547,NEZAHUALCOYOTOL,,800,1690
37.3361663,-121.890591,SAN JOSE,,800,1690
18.4801972,-69.942111,SANTO DOMINGO,,800,1690